1
77 
2
93 21 
3
36 56 23 
4
68 9 93 56 
5
8 3 78 54 86 
6
13 21 5 89 81 29 
7
23 51 60 91 24 99 85 
8
72 74 52 1 19 73 90 75 
9
48 10 37 41 67 45 45 97 99 
10
83 62 72 40 51 54 69 75 57 81 
11
18 33 81 55 6 7 59 59 26 84 1 
12
53 32 12 90 74 79 87 71 28 38 6 90 
13
11 46 41 17 16 68 74 97 38 7 78 46 65 
14
37 5 77 15 90 78 69 22 90 11 48 21 51 19 
15
49 89 25 39 0 24 33 69 40 53 95 37 44 3 68 
16
90 20 57 47 97 73 37 76 94 12 18 57 60 92 8 32 
17
93 98 9 85 50 33 70 20 73 75 15 63 19 70 83 61 91 
18
92 9 40 17 98 68 11 10 39 21 23 31 29 55 76 79 64 61 
19
30 50 83 50 75 59 17 90 30 88 73 92 31 18 53 23 35 51 92 
20
47 14 31 20 37 14 49 92 90 29 8 4 11 58 87 61 34 98 30 24 
21
29 70 50 21 1 68 74 25 3 77 69 2 91 0 22 28 66 24 72 8 5 
22
81 64 16 91 4 29 25 2 59 2 31 30 52 4 83 72 30 60 27 8 29 30 
23
51 29 4 32 47 80 4 56 85 37 20 53 29 24 82 6 79 94 8 10 76 12 67 
24
11 36 97 72 64 57 1 46 9 83 2 41 30 83 45 38 20 35 11 74 64 87 8 70 
25
66 54 31 29 30 95 96 94 32 93 66 48 51 67 94 12 2 96 53 85 31 50 23 52 85 
26
86 26 1 74 86 24 40 41 55 69 23 2 17 17 86 11 83 34 14 3 80 26 57 77 31 42 
27
8 81 18 60 19 4 38 20 78 25 44 71 66 51 92 89 54 10 59 40 73 42 27 87 97 7 65 
28
55 36 96 97 45 29 15 57 48 72 48 21 2 73 65 25 91 69 18 32 75 80 91 67 5 86 94 44 
29
35 2 9 90 90 57 40 87 86 7 45 87 31 45 8 34 70 25 59 61 94 29 45 21 61 89 89 66 27 
30
83 10 62 37 71 5 28 28 97 15 15 4 12 54 88 9 62 22 79 87 81 92 34 63 38 55 24 79 44 91 
31
6 80 53 20 69 25 77 49 53 74 65 20 31 29 74 19 39 36 93 70 76 74 63 62 89 53 69 14 84 66 5 
32
42 98 58 14 67 83 92 17 89 66 34 9 49 15 36 20 6 24 13 77 52 40 92 14 29 45 36 43 81 54 0 23 
33
52 11 37 19 94 81 88 35 48 22 97 49 38 33 70 44 57 83 73 10 23 65 76 5 62 12 48 43 66 49 18 70 60 
34
56 90 6 37 30 94 37 53 91 39 43 24 61 87 33 44 13 43 20 78 20 25 93 84 25 36 3 26 7 73 86 15 15 45 
35
4 46 39 94 51 82 33 94 6 94 33 39 90 46 35 62 25 7 39 18 91 65 6 46 91 13 72 30 28 39 27 85 37 18 79 
36
88 0 12 34 58 58 68 49 48 14 84 63 91 43 2 61 35 19 20 33 11 85 5 93 66 97 20 51 34 90 30 75 90 94 9 0 
37
52 77 49 52 44 86 15 87 29 70 1 16 89 21 2 0 6 59 45 24 56 17 75 91 7 5 18 49 51 27 49 3 57 51 56 1 89 
38
23 40 70 93 41 87 83 62 89 35 21 48 81 45 57 50 73 0 58 30 18 59 82 45 61 85 2 64 93 55 53 17 48 23 62 89 62 45 
39
4 3 33 77 4 14 74 61 16 47 61 26 78 79 86 12 76 99 97 31 63 43 38 68 12 86 43 74 28 58 72 32 61 5 9 65 71 35 26 
40
87 83 39 14 13 18 52 77 47 51 26 78 66 69 16 34 33 55 77 8 83 35 80 15 49 37 76 14 8 63 93 95 98 84 61 11 55 13 40 2 
41
64 67 32 30 36 48 16 70 55 46 30 38 33 62 5 82 99 81 49 7 45 94 54 43 78 16 7 33 29 99 87 46 66 19 28 55 20 45 77 75 43 
42
7 14 76 21 19 59 20 53 60 79 50 6 33 45 84 1 4 70 31 4 9 29 70 29 57 77 49 54 54 76 97 13 90 74 34 62 85 54 67 97 85 17 
43
3 19 62 39 20 19 61 3 23 71 84 45 0 94 23 1 48 29 29 98 43 72 72 77 34 9 32 1 58 69 70 61 88 84 52 61 3 14 16 78 85 1 24 
44
37 95 99 90 95 28 19 93 71 91 17 49 77 78 33 30 36 2 0 49 43 85 2 56 40 16 24 19 1 77 95 90 24 94 80 20 74 51 65 46 95 83 47 72 
45
61 32 55 50 86 7 99 81 92 1 37 85 17 14 4 70 91 99 60 16 45 92 88 19 96 53 17 91 36 64 15 50 48 70 0 35 78 51 16 22 53 6 7 22 20 
46
63 93 11 62 5 79 7 50 67 79 46 21 96 37 9 13 4 59 61 27 11 96 5 63 65 79 68 71 39 90 43 2 35 6 17 93 86 76 43 53 55 41 74 52 30 84 
47
17 34 95 78 61 59 27 18 74 44 50 42 67 89 84 10 91 20 16 60 13 2 37 8 8 92 49 82 96 79 18 13 13 66 44 27 25 71 45 99 67 95 41 34 84 25 44 
48
28 97 12 88 10 15 77 18 23 22 19 57 70 98 28 36 12 94 80 39 19 3 36 70 70 32 63 4 68 40 0 48 38 12 89 0 79 66 71 54 88 90 12 59 89 40 95 53 
49
34 27 44 5 30 80 75 52 64 90 8 33 30 8 33 68 20 22 21 0 41 92 54 81 82 18 92 23 10 39 76 96 66 72 1 48 53 28 0 17 18 8 2 49 68 88 69 89 62 
50
90 41 3 82 47 85 17 18 29 92 28 69 21 25 35 93 78 84 46 59 36 16 77 97 70 78 65 58 48 6 21 90 99 76 73 99 13 42 17 43 34 97 12 55 22 47 1 53 83 99 
51
12 72 15 41 21 38 20 86 48 20 45 69 10 44 98 83 43 11 77 12 54 12 10 18 19 84 18 20 37 1 20 1 25 87 43 46 25 63 85 26 83 30 47 93 26 45 29 22 9 6 34 
52
63 70 44 34 42 81 52 62 18 53 34 20 31 74 63 77 51 78 62 77 61 44 25 6 71 70 35 93 31 94 27 95 64 24 81 6 5 33 21 75 38 7 47 69 81 62 99 85 40 13 62 53 
53
58 39 60 81 62 47 74 93 41 53 40 6 29 21 64 86 54 85 14 93 45 61 14 78 76 13 63 68 27 78 22 37 17 34 18 31 33 92 25 75 97 65 33 27 39 49 65 93 87 79 38 32 93 
54
53 10 69 66 26 37 45 4 11 82 73 97 0 5 31 44 82 58 42 99 43 21 38 44 86 32 31 66 22 63 59 75 26 80 94 52 17 39 8 81 22 33 30 74 38 13 19 72 71 61 72 66 34 10 
55
11 72 94 94 38 17 58 49 92 36 81 86 88 51 78 48 32 0 81 62 74 72 76 93 44 99 6 16 18 92 27 81 65 73 75 55 90 33 57 35 69 38 73 9 89 51 9 21 3 91 36 78 63 12 23 
56
7 63 82 76 81 26 55 62 91 28 38 47 71 23 4 58 45 94 31 6 84 35 16 57 38 7 93 68 22 57 44 81 21 78 57 2 4 12 17 48 93 7 95 64 30 51 22 75 45 53 34 81 40 50 39 79 
57
9 32 99 31 90 43 12 63 21 22 65 78 34 34 26 27 41 73 43 72 24 65 99 21 71 33 55 11 35 94 42 44 78 42 27 68 85 92 31 59 14 49 37 48 35 63 28 77 36 71 1 12 89 52 85 60 86 
58
40 71 73 86 66 18 65 8 45 85 45 89 17 4 3 18 93 4 53 8 32 82 44 55 35 8 44 88 46 56 74 38 80 47 25 46 17 90 54 15 75 99 4 44 56 8 14 49 64 20 58 48 2 54 3 38 15 0 
59
26 61 56 52 99 36 51 76 34 21 66 88 36 94 40 92 90 96 0 5 97 16 25 55 64 79 62 68 69 77 20 47 90 76 51 89 65 55 18 99 76 36 40 64 82 80 56 73 76 9 78 25 25 55 81 90 86 43 10 
60
8 20 30 7 10 58 59 51 23 66 21 75 94 58 15 58 40 95 66 13 23 27 43 48 5 50 81 47 89 24 57 49 96 39 56 58 49 67 62 25 33 83 0 27 93 15 37 34 62 56 99 37 83 95 85 88 97 19 35 86 
61
43 44 87 92 83 44 2 85 11 64 10 97 0 10 76 93 77 14 79 39 70 31 76 5 78 13 94 75 32 81 14 28 26 1 72 61 97 74 46 9 91 8 58 43 18 34 88 95 0 68 86 22 51 14 28 29 28 74 56 12 7 
62
22 92 85 24 64 47 21 91 45 82 34 54 92 77 24 27 65 72 27 85 58 50 36 73 30 17 53 56 74 65 63 96 10 49 72 26 48 46 69 45 80 3 51 73 80 76 0 98 48 79 83 6 81 72 31 11 89 84 67 15 2 31 
63
64 12 32 88 90 80 34 60 25 67 15 77 40 96 5 92 94 53 71 29 11 53 1 43 16 43 79 84 58 81 67 74 45 99 63 88 31 97 48 56 64 63 85 56 11 90 48 57 95 20 39 59 25 40 54 41 83 33 77 94 67 96 68 
64
12 47 83 52 78 33 52 87 97 68 72 6 79 15 54 89 62 26 28 21 3 20 75 97 56 9 26 2 76 23 22 40 70 6 45 1 39 97 88 88 65 12 94 45 27 1 86 42 27 66 63 83 86 39 80 94 0 6 96 28 29 19 20 52 
65
25 65 5 64 63 93 52 28 57 99 25 37 0 63 79 79 29 42 62 68 33 42 62 33 49 11 61 30 30 34 34 7 99 39 23 14 84 27 43 94 26 20 31 26 36 10 6 65 4 68 85 38 63 0 23 64 11 37 94 93 71 81 0 70 72 
66
23 85 9 50 80 3 29 52 34 7 88 96 13 6 0 34 91 90 49 91 14 13 54 51 59 47 74 40 99 44 13 74 81 74 77 13 77 6 66 63 13 6 11 79 12 63 65 4 54 14 47 20 27 2 23 86 1 97 79 1 93 92 75 75 18 52 
67
40 95 10 58 10 24 65 21 55 29 84 20 85 90 34 33 10 61 87 33 99 88 82 78 41 76 22 17 3 40 21 43 87 32 54 97 8 19 70 63 0 7 83 86 97 69 71 60 30 58 93 81 98 76 60 40 4 34 9 7 75 30 2 14 14 56 64 
68
74 27 34 37 28 41 72 14 91 41 85 51 23 95 96 5 93 24 17 85 28 51 94 35 26 77 90 93 43 46 57 18 26 91 55 54 85 80 20 28 21 57 79 45 4 27 2 97 52 19 35 80 70 29 68 49 58 58 42 2 4 99 20 82 42 27 36 79 
69
59 8 7 81 65 38 78 21 66 80 19 18 51 6 50 21 87 18 22 46 76 64 0 33 15 72 15 10 99 4 89 11 64 49 92 30 87 22 3 5 2 22 75 5 80 26 78 68 96 1 14 73 17 66 58 33 38 25 43 37 81 84 48 46 33 92 28 73 14 
70
31 30 68 6 6 25 86 32 4 6 28 5 20 53 22 38 63 7 76 41 2 66 22 39 14 20 72 59 48 97 25 80 28 46 38 86 71 24 18 75 83 98 32 55 4 55 94 19 14 70 60 69 36 83 8 3 55 32 62 4 30 39 36 10 85 74 96 9 50 66 
71
84 33 16 17 89 20 24 83 40 90 53 52 59 90 87 19 45 43 52 7 47 34 98 35 44 84 9 92 45 11 58 29 97 26 98 38 47 74 21 39 65 26 91 76 68 79 96 13 22 48 72 21 82 71 56 78 7 17 70 52 28 80 33 77 6 32 15 5 58 88 96 
72
23 15 88 0 35 19 48 1 93 96 25 66 30 48 22 60 55 39 82 59 19 62 93 97 20 77 64 78 35 53 74 11 20 14 63 55 33 11 8 78 59 34 44 41 34 18 1 90 9 83 1 29 97 46 78 69 75 42 47 63 47 22 74 67 36 89 75 22 52 83 0 11 
73
69 97 52 4 15 5 46 25 88 47 6 37 46 36 6 21 30 54 84 78 76 10 45 64 99 20 86 51 56 39 14 25 36 66 81 51 71 79 28 11 79 86 0 25 22 7 46 5 13 31 83 41 93 80 5 93 1 44 44 57 83 59 34 71 77 68 74 1 47 3 64 78 41 
74
65 3 64 24 2 69 37 85 4 30 78 84 35 71 37 31 68 46 14 79 33 85 8 1 60 9 0 15 26 79 56 43 34 72 67 36 93 56 73 97 86 52 34 73 75 71 5 43 18 71 74 51 9 83 4 21 44 56 36 22 87 44 65 22 17 32 10 62 40 84 60 26 88 46 
75
0 63 17 57 59 87 28 85 90 37 68 94 58 65 3 46 39 90 91 5 64 60 89 27 22 30 11 34 56 51 80 8 14 50 65 25 37 46 11 28 83 31 74 94 96 77 92 36 68 83 93 84 95 82 11 18 12 74 52 21 25 85 29 40 35 47 17 72 93 28 52 28 60 27 74 
76
8 56 67 96 24 2 89 9 98 24 72 68 88 47 20 9 72 57 91 64 92 38 82 17 83 10 69 11 22 48 86 31 5 5 79 81 7 21 42 57 45 15 25 33 62 98 95 86 55 86 51 48 24 33 17 7 95 86 70 18 87 8 1 44 13 32 77 73 53 20 82 50 87 8 36 1 
77
6 31 87 13 69 38 61 93 71 78 52 19 17 74 37 56 83 90 0 48 22 77 73 76 49 56 78 36 16 14 37 22 97 25 87 66 15 49 11 39 79 15 58 48 90 95 4 25 85 56 25 59 34 51 87 83 7 66 72 23 32 61 97 30 38 84 48 54 85 12 93 17 27 51 65 69 98 
78
22 46 35 78 72 94 12 75 82 48 82 48 72 57 32 33 6 14 72 42 63 26 80 75 71 97 54 22 14 76 72 36 22 7 67 46 1 31 21 35 31 55 35 3 64 68 37 70 82 9 65 97 87 45 24 58 94 79 32 60 55 56 49 29 63 16 76 16 47 49 52 79 5 39 82 69 7 71 
79
92 42 32 57 39 19 54 64 29 48 95 13 8 50 69 9 31 84 25 59 1 25 9 5 56 66 44 90 87 4 62 79 46 94 88 85 66 42 49 47 42 44 61 3 46 82 12 30 67 38 89 20 15 50 25 71 16 69 61 4 25 23 35 71 70 24 57 88 18 58 35 61 55 48 64 53 31 76 83 
80
50 66 25 70 81 75 95 4 44 16 66 0 42 41 35 65 11 11 22 51 30 33 87 91 88 35 55 93 18 83 29 68 2 54 38 35 81 85 40 25 54 58 25 96 99 61 61 63 72 36 14 2 69 53 45 9 89 52 54 7 88 83 28 90 89 66 77 71 4 69 96 58 27 74 54 79 35 67 94 59 
81
55 60 14 76 14 11 37 55 64 92 14 52 75 42 94 65 61 23 88 65 93 84 23 72 58 29 51 45 48 97 57 4 58 23 80 72 34 18 79 50 10 93 54 37 36 0 54 49 24 42 14 17 79 89 41 37 18 93 35 66 42 44 70 0 67 3 24 53 21 3 4 83 49 10 72 37 11 79 86 35 21 
82
0 4 0 89 45 90 59 90 77 25 33 21 48 85 40 3 10 93 76 65 49 59 14 60 83 51 71 62 89 58 36 89 14 36 30 11 78 41 2 7 67 87 28 67 72 68 70 82 14 46 0 63 57 14 75 92 18 98 55 7 56 91 49 22 79 31 34 10 73 36 17 92 75 98 59 47 18 81 82 32 79 82 
83
48 88 48 23 80 18 22 87 26 30 30 27 53 10 58 87 72 31 75 89 23 50 87 34 49 58 15 31 90 46 65 38 34 14 14 67 32 36 54 10 18 85 37 23 47 96 10 19 79 37 8 55 39 48 89 89 6 57 20 48 3 86 39 90 52 53 57 84 41 11 47 59 48 84 83 95 32 45 14 64 35 75 19 
84
74 75 60 63 81 17 36 81 73 74 20 63 26 73 72 62 14 35 9 26 84 46 61 79 30 6 94 94 93 69 65 68 44 26 83 77 95 71 10 20 45 31 35 23 4 7 86 71 43 47 97 79 45 10 58 28 16 52 74 10 73 40 30 69 18 65 98 65 37 9 86 34 40 21 10 96 81 96 19 76 95 68 55 93 
85
78 13 73 47 18 47 9 43 39 39 65 9 56 63 75 45 72 13 80 64 86 90 13 19 38 32 95 85 1 2 30 79 68 3 26 86 51 35 81 42 26 46 52 83 62 79 80 86 92 60 51 78 2 16 98 92 48 45 30 1 48 60 81 16 16 59 54 67 47 87 61 73 34 13 8 48 92 89 34 84 1 37 15 56 53 
86
65 0 2 62 30 3 62 43 36 78 59 48 84 78 95 72 39 20 58 53 81 6 97 22 92 34 75 30 1 31 35 66 84 37 80 14 93 43 9 81 73 68 29 58 46 76 30 38 97 40 43 30 46 40 52 90 26 27 20 27 11 56 45 95 45 26 61 90 21 71 24 94 91 53 52 90 82 34 28 79 74 23 61 72 15 13 
87
63 42 92 35 69 55 43 15 2 41 93 16 83 14 39 7 8 30 61 13 72 95 47 0 74 74 75 87 46 91 0 61 33 44 49 54 52 92 21 54 85 14 22 69 80 61 76 41 44 89 54 16 84 53 17 10 27 44 97 26 35 49 87 68 94 88 75 98 81 96 52 66 11 27 35 43 88 64 84 32 53 38 49 90 44 18 0 
88
71 62 98 49 50 99 89 70 93 77 45 43 10 42 96 77 5 75 64 48 63 80 33 96 34 23 97 76 19 15 76 43 29 26 92 79 26 81 50 71 59 95 15 69 89 63 98 94 38 15 43 53 95 28 1 81 3 98 57 23 65 86 66 95 64 58 26 42 92 28 14 3 24 81 24 13 96 23 8 86 90 3 39 85 83 93 19 86 
89
91 76 61 9 14 27 56 79 38 82 21 82 11 87 85 87 20 9 52 16 84 12 54 74 15 46 60 50 39 31 37 30 7 98 39 74 78 47 53 68 30 74 50 93 14 35 32 34 44 84 3 29 97 57 55 64 3 67 15 42 98 4 25 6 2 16 32 32 64 85 0 46 11 50 39 25 85 23 12 82 7 15 63 4 72 18 21 28 38 
90
36 70 36 40 47 94 94 64 26 27 28 11 79 26 75 30 17 0 67 40 64 1 47 79 16 4 4 35 25 32 25 13 54 61 5 2 56 99 66 82 78 46 46 58 72 21 40 89 73 59 29 38 61 28 17 77 32 21 64 9 5 89 74 60 51 79 62 59 31 28 93 61 26 39 71 98 60 11 39 86 23 20 24 84 48 93 13 33 15 78 
91
94 20 19 69 32 22 0 94 81 31 74 75 93 0 66 16 50 27 28 89 13 3 9 89 87 10 82 0 43 49 30 37 22 50 58 54 24 59 49 58 90 23 33 35 76 51 52 26 78 32 16 43 35 77 84 74 87 67 26 82 68 57 72 90 59 30 97 35 89 46 93 32 21 78 19 97 30 23 76 8 7 92 4 94 21 40 20 61 59 47 43 
92
28 56 15 70 67 98 67 2 39 13 96 23 87 74 43 36 4 18 12 65 78 56 21 72 78 61 93 91 21 92 34 1 48 2 71 67 52 39 69 91 4 65 15 43 92 10 80 48 80 44 13 58 1 86 83 31 0 76 22 73 20 8 74 20 10 45 87 14 36 56 6 41 74 73 36 18 83 16 66 15 61 80 74 14 18 57 45 18 85 19 91 5 
93
27 65 25 90 63 64 4 51 20 62 92 46 35 29 64 70 97 31 86 10 63 60 24 81 69 21 0 54 92 43 11 20 9 88 62 24 52 18 75 72 33 20 71 68 1 35 91 98 18 77 61 81 89 85 15 10 59 15 64 51 10 27 23 19 15 37 95 67 56 71 91 89 43 62 9 44 50 0 94 68 29 55 50 70 93 17 32 52 84 96 55 94 23 
94
79 66 90 16 61 57 72 84 49 13 79 63 75 23 13 27 70 34 9 77 36 31 22 53 64 26 37 12 82 31 36 61 97 26 77 11 36 2 95 37 67 75 0 94 50 66 22 72 0 83 2 88 14 24 41 78 51 78 91 85 61 79 46 11 57 75 22 45 29 17 82 49 44 35 43 47 1 17 19 53 0 21 93 15 98 34 45 49 64 88 34 77 67 32 
95
88 77 59 10 22 41 80 5 42 24 40 37 71 93 55 43 98 7 64 91 74 62 77 20 63 41 8 49 70 28 33 59 5 45 69 79 86 49 84 28 26 76 65 49 21 72 92 19 80 9 62 54 23 39 26 87 32 87 88 3 67 74 62 24 19 83 3 5 85 40 85 11 16 2 12 90 27 5 9 7 66 24 13 89 63 92 28 48 79 69 3 46 43 17 70 
96
62 0 25 19 37 65 56 0 34 58 13 24 37 70 85 96 36 9 10 25 25 54 6 25 85 75 28 31 18 45 53 80 97 30 51 35 96 7 35 82 17 48 6 55 18 43 51 6 5 13 84 82 67 90 7 52 65 35 35 35 32 40 67 29 71 18 16 19 25 52 1 94 52 59 49 23 2 53 29 59 66 13 41 34 55 48 38 72 35 74 7 19 66 74 49 89 
97
44 65 8 21 69 61 16 22 20 65 97 75 18 26 34 37 92 76 23 99 76 61 72 64 87 31 83 54 58 84 43 2 50 4 24 71 65 40 45 38 57 42 13 28 21 47 65 65 75 88 64 4 1 88 68 89 20 3 95 78 88 90 32 90 46 8 61 12 0 7 50 58 49 15 38 22 14 3 87 42 43 52 46 96 40 66 37 12 69 32 90 57 75 75 47 21 83 
98
61 85 84 68 87 94 69 2 32 92 69 87 79 11 30 83 57 78 24 75 16 36 44 0 79 54 75 54 53 49 89 14 86 73 34 26 67 56 80 99 48 49 38 79 60 20 63 69 99 39 44 15 27 41 15 58 95 43 64 0 44 54 15 30 27 1 8 47 57 89 98 5 38 37 37 51 57 52 20 56 91 65 71 70 6 39 29 53 82 93 53 26 47 20 8 27 22 17 
99
74 31 6 72 89 96 61 26 47 19 78 68 75 21 85 99 91 43 38 20 48 72 66 1 98 65 74 58 92 48 75 18 79 33 43 68 30 4 46 77 75 76 97 51 97 34 2 41 29 92 61 77 64 79 31 14 45 5 72 89 5 48 60 84 81 3 5 63 59 3 41 35 80 90 38 29 77 92 70 6 84 84 84 0 63 67 14 60 72 86 2 29 86 62 65 20 17 22 83 
